Found 50 solutions for a 6x6 board starting at (1, 1)

Solution 1:
1   16  7   26  11  14  
34  25  12  15  6   27  
17  2   33  8   13  10  
32  35  24  21  28  5   
23  18  3   30  9   20  
36  31  22  19  4   29  

Solution 2:
1   16  7   32  11  14  
34  25  12  15  6   31  
17  2   33  8   13  10  
26  35  24  21  30  5   
23  18  3   28  9   20  
36  27  22  19  4   29  

Solution 3:
1   16  7   30  11  14  
34  31  12  15  6   29  
17  2   33  8   13  10  
32  35  24  21  28  5   
23  18  3   26  9   20  
36  25  22  19  4   27  

Solution 4:
1   16  7   28  11  14  
34  27  12  15  6   29  
17  2   33  8   13  10  
26  35  24  21  30  5   
23  18  3   32  9   20  
36  25  22  19  4   31  

Solution 5:
1   32  7   28  11  30  
34  21  12  31  6   27  
13  2   33  8   29  10  
22  35  20  17  26  5   
19  14  3   24  9   16  
36  23  18  15  4   25  

Solution 6:
1   32  7   24  11  30  
34  23  12  31  6   25  
13  2   33  8   29  10  
22  35  20  17  26  5   
19  14  3   28  9   16  
36  21  18  15  4   27  

Solution 7:
1   14  7   26  11  16  
34  25  12  15  6   27  
13  2   33  8   17  10  
32  35  24  21  28  5   
23  20  3   30  9   18  
36  31  22  19  4   29  

Solution 8:
1   14  7   32  11  16  
34  25  12  15  6   31  
13  2   33  8   17  10  
26  35  24  21  30  5   
23  20  3   28  9   18  
36  27  22  19  4   29  

Solution 9:
1   14  7   30  11  16  
34  31  12  15  6   29  
13  2   33  8   17  10  
32  35  24  21  28  5   
23  20  3   26  9   18  
36  25  22  19  4   27  

Solution 10:
1   14  7   28  11  16  
34  27  12  15  6   29  
13  2   33  8   17  10  
26  35  24  21  30  5   
23  20  3   32  9   18  
36  25  22  19  4   31  

Solution 11:
1   14  7   18  11  16  
34  25  12  15  6   19  
13  2   33  8   17  10  
24  35  26  29  20  5   
27  32  3   22  9   30  
36  23  28  31  4   21  

Solution 12:
1   14  7   22  11  16  
34  23  12  15  6   21  
13  2   33  8   17  10  
24  35  26  29  20  5   
27  32  3   18  9   30  
36  25  28  31  4   19  

Solution 13:
1   32  7   20  25  22  
34  13  26  23  6   19  
31  2   33  8   21  24  
14  35  12  27  18  5   
11  30  3   16  9   28  
36  15  10  29  4   17  

Solution 14:
1   24  7   20  27  22  
34  13  26  23  6   19  
25  2   33  8   21  28  
14  35  12  29  18  5   
11  32  3   16  9   30  
36  15  10  31  4   17  

Solution 15:
1   32  7   16  25  22  
34  15  26  23  6   17  
31  2   33  8   21  24  
14  35  12  27  18  5   
11  30  3   20  9   28  
36  13  10  29  4   19  

Solution 16:
1   24  7   16  27  22  
34  15  26  23  6   17  
25  2   33  8   21  28  
14  35  12  29  18  5   
11  32  3   20  9   30  
36  13  10  31  4   19  

Solution 17:
1   32  7   10  25  12  
34  19  26  13  6   9   
31  2   33  8   11  24  
18  35  20  27  14  5   
21  30  3   16  23  28  
36  17  22  29  4   15  

Solution 18:
1   14  7   10  21  12  
34  27  20  13  6   9   
15  2   33  8   11  22  
28  35  26  19  32  5   
25  16  3   30  23  18  
36  29  24  17  4   31  

Solution 19:
1   14  7   10  17  12  
34  23  16  13  6   9   
15  2   33  8   11  18  
24  35  22  31  28  5   
21  32  3   26  19  30  
36  25  20  29  4   27  

Solution 20:
1   24  7   10  17  22  
34  11  18  23  6   9   
25  2   33  8   21  16  
32  35  12  19  28  5   
13  26  3   30  15  20  
36  31  14  27  4   29  

Solution 21:
1   22  7   10  17  24  
34  11  18  23  6   9   
21  2   33  8   25  16  
32  35  12  19  28  5   
13  20  3   30  15  26  
36  31  14  27  4   29  

Solution 22:
1   22  7   10  17  20  
34  11  18  21  6   9   
23  2   33  8   19  16  
32  35  12  25  28  5   
13  24  3   30  15  26  
36  31  14  27  4   29  

Solution 23:
1   20  7   10  17  22  
34  11  18  21  6   9   
19  2   33  8   23  16  
32  35  12  25  28  5   
13  26  3   30  15  24  
36  31  14  27  4   29  

Solution 24:
1   32  7   10  23  18  
34  11  22  17  6   9   
31  2   33  8   19  24  
12  35  28  21  16  5   
27  30  3   14  25  20  
36  13  26  29  4   15  

Solution 25:
1   32  7   10  29  18  
34  11  30  17  6   9   
31  2   33  8   19  28  
12  35  24  21  16  5   
25  22  3   14  27  20  
36  13  26  23  4   15  

Solution 26:
1   32  7   10  27  18  
34  11  28  17  6   9   
31  2   33  8   19  26  
12  35  22  29  16  5   
23  30  3   14  25  20  
36  13  24  21  4   15  

Solution 27:
1   32  7   10  25  18  
34  11  24  17  6   9   
31  2   33  8   19  26  
12  35  30  23  16  5   
29  22  3   14  27  20  
36  13  28  21  4   15  

Solution 28:
1   32  7   10  29  18  
34  11  30  17  6   9   
31  2   33  8   19  28  
12  35  26  23  16  5   
25  22  3   14  27  20  
36  13  24  21  4   15  

Solution 29:
1   32  7   10  21  18  
34  11  20  17  6   9   
31  2   33  8   19  22  
12  35  24  27  16  5   
25  30  3   14  23  28  
36  13  26  29  4   15  

Solution 30:
1   32  7   10  21  18  
34  11  20  17  6   9   
31  2   33  8   19  22  
12  35  26  29  16  5   
25  30  3   14  23  28  
36  13  24  27  4   15  

Solution 31:
1   32  7   10  25  18  
34  11  26  17  6   9   
31  2   33  8   19  24  
12  35  20  27  16  5   
21  30  3   14  23  28  
36  13  22  29  4   15  

Solution 32:
1   22  7   10  29  20  
34  11  30  21  6   9   
23  2   33  8   19  28  
12  35  24  31  16  5   
25  32  3   14  27  18  
36  13  26  17  4   15  

Solution 33:
1   22  7   10  25  20  
34  11  24  21  6   9   
23  2   33  8   19  26  
12  35  28  31  16  5   
29  32  3   14  27  18  
36  13  30  17  4   15  

Solution 34:
1   32  7   10  27  20  
34  11  28  21  6   9   
31  2   33  8   19  26  
12  35  22  29  16  5   
23  30  3   14  25  18  
36  13  24  17  4   15  

Solution 35:
1   30  7   10  21  28  
34  11  20  29  6   9   
31  2   33  8   27  22  
12  35  26  19  16  5   
25  32  3   14  23  18  
36  13  24  17  4   15  

Solution 36:
1   32  7   10  27  30  
34  11  28  31  6   9   
21  2   33  8   29  26  
12  35  22  19  16  5   
23  20  3   14  25  18  
36  13  24  17  4   15  

Solution 37:
1   32  7   10  23  30  
34  11  22  31  6   9   
21  2   33  8   29  24  
12  35  28  19  16  5   
27  20  3   14  25  18  
36  13  26  17  4   15  

Solution 38:
1   30  7   10  25  28  
34  11  26  29  6   9   
31  2   33  8   27  24  
12  35  22  19  16  5   
21  32  3   14  23  18  
36  13  20  17  4   15  

Solution 39:
1   30  7   10  23  28  
34  11  24  29  6   9   
31  2   33  8   27  22  
12  35  18  25  16  5   
19  32  3   14  21  26  
36  13  20  17  4   15  

Solution 40:
1   32  7   10  23  30  
34  11  24  31  6   9   
25  2   33  8   29  22  
12  35  18  27  16  5   
19  26  3   14  21  28  
36  13  20  17  4   15  

Solution 41:
1   26  7   10  23  28  
34  11  24  27  6   9   
25  2   33  8   29  22  
12  35  18  31  16  5   
19  32  3   14  21  30  
36  13  20  17  4   15  

Solution 42:
1   32  7   10  29  22  
34  11  30  23  6   9   
31  2   33  8   21  28  
12  35  24  19  16  5   
25  18  3   14  27  20  
36  13  26  17  4   15  

Solution 43:
1   32  7   10  25  30  
34  11  26  31  6   9   
19  2   33  8   29  24  
12  35  20  27  16  5   
21  18  3   14  23  28  
36  13  22  17  4   15  

Solution 44:
1   32  7   10  21  30  
34  11  20  31  6   9   
19  2   33  8   29  22  
12  35  24  27  16  5   
25  18  3   14  23  28  
36  13  26  17  4   15  

Solution 45:
1   26  7   10  19  24  
34  11  20  25  6   9   
27  2   33  8   23  18  
12  35  14  21  30  5   
15  28  3   32  17  22  
36  13  16  29  4   31  

Solution 46:
1   30  7   10  19  28  
34  11  20  29  6   9   
31  2   33  8   27  18  
12  35  14  21  24  5   
15  32  3   26  17  22  
36  13  16  23  4   25  

Solution 47:
1   26  7   10  19  28  
34  11  20  27  6   9   
25  2   33  8   29  18  
12  35  14  21  32  5   
15  24  3   30  17  22  
36  13  16  23  4   31  

Solution 48:
1   24  7   10  19  26  
34  11  20  25  6   9   
23  2   33  8   27  18  
12  35  14  21  30  5   
15  22  3   32  17  28  
36  13  16  29  4   31  

Solution 49:
1   24  7   10  19  22  
34  11  20  23  6   9   
25  2   33  8   21  18  
12  35  14  27  30  5   
15  26  3   32  17  28  
36  13  16  29  4   31  

Solution 50:
1   32  7   10  19  30  
34  11  20  31  6   9   
21  2   33  8   29  18  
12  35  14  23  26  5   
15  22  3   28  17  24  
36  13  16  25  4   27  

